-8.895362761907105176e-01
-3.752045587543459959e-01
-5.594983995102695840e-01
1.038983467395656647e-02
1.939220011732919469e-01
-5.726903708940688231e-01
-5.376826286631090079e-01
-1.000000000000000000e+00
5.353448095945436691e-01
3.038870135843644849e-01
-4.182427140610942007e-01
-8.807804562656408320e-01
6.271338531399093252e-01
3.324707094467681534e-01
4.695335769884208255e-02
-8.744526679603901176e-01
-7.235014794397485183e-01
4.648255190233490097e-01
-4.759906393316780671e-01
3.696290887688407495e-02
5.624046499912781216e-02
1.203029483188754467e-01
1.053779028554260033e-01
-4.092760666468230335e-01
-5.346742486844163755e-01
-1.000000000000000000e+00
3.728324141215597631e-01
-1.000000000000000000e+00
5.222809851625155320e-01
1.181903419771916375e-01
-6.292537868776107990e-01
-1.000000000000000000e+00
1.633751268100982479e-01
-6.387620252282272260e-01
1.048686132444470731e-01
3.020604939656984511e-01
-1.000000000000000000e+00
8.025915210563509122e-03
6.839500950766129739e-01
-1.959491449025501375e-01
1.150897212784626200e-01
5.795905736040538603e-01
-2.759549692415570465e-01
-4.814028875997375945e-01
-4.092518323447461026e-01
-6.396801540300656175e-01
-1.641859346763144267e-01
-3.697142474573258952e-01
-1.846537995809102994e-01
-9.795965182593576737e-01
2.629525863291435339e-01
7.303636690345199911e-02
5.649693294179352065e-01
2.373503363554983758e-01
-2.728757438214182013e-02
3.821808958768806164e-02
8.730280560710118598e-02
-9.309939679862528905e-01
-6.041176736908770994e-01
4.172953275133366446e-01
3.010475718938020462e-01
-1.185417252594858084e-01
2.114028131906316166e-01
-5.333234397445539843e-01
-1.581134436705504409e-02
9.174419471624852829e-01
1.987849141998846714e-01
-1.000000000000000000e+00
4.624131629266730603e-01
1.674826302879940665e-01
2.936877533818830210e-01
2.265871340280375956e-01
-1.606533021273991446e-01
-5.358138492020191324e-01
-4.925006845845754100e-01
-5.057283826297066520e-01
3.601757258498902714e-01
1.000000000000000000e+00
2.236380081558266841e-01
5.369778072606961050e-01
1.189914272566365214e-02
1.746290981768106043e-01
-4.226003451535697009e-01
-1.000000000000000000e+00
3.215170938433870029e-01
5.819456926698513000e-01
1.000000000000000000e+00
-1.372449236977369563e-02
-6.098791659676901927e-02
-1.626013439920377945e-01
-2.069509349819588229e-01
-9.146454282687954684e-01
-7.567099929190923557e-02
-4.664083236154834555e-01
-1.045939103324015074e-01
6.385071258793141580e-02
-4.528984070781399973e-02
-2.809624842932354483e-01
-2.883008801407926230e-02
-4.748404822886160281e-01
-4.166012471169537879e-01
-3.969776826976122996e-01
5.533767340275521640e-01
9.007056534768339562e-01
-1.000000000000000000e+00
-9.360612875330006633e-01
-9.877925392936763860e-01
8.971538309671352185e-02
5.975718577066891912e-01
-4.585353545849754076e-01
-3.257820225221105814e-01
4.573222018274210598e-01
5.172805417190652344e-01
5.513488469643953449e-01
-3.366084044244992135e-02
7.535238437922997523e-01
3.658068164104349984e-02
-3.093875143893970447e-01
8.484312784240724548e-02
9.409567226261458250e-01
3.159704315101231620e-01
2.173266068636714177e-01
-2.997531803056480149e-01
1.000000000000000000e+00
7.936992577172584384e-02
6.399067988523213790e-01
-7.354935394968421525e-01
1.213308226234852960e-01
-6.119839191712876936e-01
-6.215881214838716584e-01
-9.763534757751970439e-01
-6.409312769959039924e-02
-1.991460125026159322e-01
1.255192604942034496e-01
7.668302374519667675e-01
6.494516668519862979e-01
6.742856425903001050e-01
1.560864565123876169e-01
-6.868550871324375917e-01
-2.669815283517882887e-01
9.636177689518193867e-01
3.730407763075880845e-01
-6.534921299545747297e-01
-1.943084373445796709e-01
-4.017075012962558755e-01
-9.451057608785643493e-01
9.462355782705242913e-01
8.710086882506251627e-01
-8.954649886535872572e-01
-3.390559312543605652e-01
7.026500558409651820e-01
4.928970284498924714e-01
-2.198802113453481866e-01
-1.000000000000000000e+00
-6.686482573541454588e-01
2.534700521024390585e-01
-4.801675513542875695e-01
-2.797563040240688692e-04
-7.744484984357999924e-01
-2.330718914172037470e-01
1.826479214740662216e-01
8.209170173778010948e-01
-6.306926511735527763e-01
-2.279818680845629303e-02
-2.126349547728336731e-01
-5.457948994477761495e-01
8.028745627405539098e-01
3.914132183890878941e-02
9.332700408700800310e-01
-9.616751588387643102e-01
-9.160645383462433511e-01
-9.368750546778550348e-01
-1.277058308032464062e-01
-2.069763100480564721e-01
1.000000000000000000e+00
6.022291892270373870e-01
9.475301154047789387e-01
4.708678038604418581e-01
-2.065720490788786612e-01
1.741602249243649203e-01
-1.000000000000000000e+00
9.517199036552568270e-01
5.435390752953369597e-01
8.518771407455924538e-03
7.800598584212105335e-02
5.720342370534891030e-01
2.264435340527974072e-01
2.051444694187768425e-01
1.839693149144494555e-01
-3.974409368296335510e-01
4.349653865312983481e-01
1.967571810426777257e-01
1.735502613267477789e-01
9.042724172272323946e-01
2.685882196710016601e-01
-5.189931663961031560e-01
-2.168283910595495134e-01
-3.102620209484864833e-01
7.716643526272309872e-02
2.910186330311564373e-01
-8.606846413154682907e-01
-2.421606992800103275e-01
2.037352453828767118e-01
2.448739387346625662e-01
-1.386643075538390724e-01
2.711526631120454445e-01
5.419147985096697262e-01
5.481094819081830938e-01
-1.000000000000000000e+00
4.495783840964187039e-01
-3.761770114591237446e-01
-3.072715563861144195e-01
-3.851077997888505133e-02
8.482018531095589786e-01
8.166354399955275678e-01
9.781420987874245299e-01
-1.000000000000000000e+00
-2.114316336014126219e-01
5.230003938618525972e-01
-5.503754985992349580e-01
-8.127989823649719447e-01
-3.605884272886183406e-01
-1.027705377158283778e-01
-7.339423335239151358e-01
9.815926293153680593e-01
-5.846730777927579004e-01
1.323940222429887403e-01
6.079337007904906942e-01
-1.000000000000000000e+00
2.916369709213873507e-01
6.692571504654278858e-01
-7.314008645836580502e-01
-6.785986505939205493e-01
1.805856704596862927e-02
-4.688870950597290310e-01
-8.421217303309812552e-01
8.775617453947619218e-02
4.448336295484643377e-01
1.536786371646277072e-01
-6.207820015337783826e-02
-5.722615756465836423e-01
7.515090058317518418e-01
8.674679279245799401e-01
5.702593459643173768e-01
5.902890408011378653e-01
-3.859114871740730868e-01
1.000000000000000000e+00
4.263534106689056968e-01
5.975921055225905665e-01
-9.755365468915161431e-01
4.232458547780736380e-01
3.300301247042066732e-01
-6.022864543568041684e-01
-2.208173889525232372e-02
1.220440111490044555e-01
2.013928097550936880e-01
3.059048008000222474e-01
-2.924823480302577439e-01
-1.062940240674137560e-01
-8.063129775429772605e-02
6.820749929547605950e-01
-2.243287128245226025e-01
6.025200574876303505e-02
6.049637602120928187e-02
-2.800089596818414739e-01
