2.012012534426386168e-01
-9.433338572001734867e-01
-4.952946305981690417e-02
6.729933825117289103e-01
5.932686832434997948e-01
-3.650527685104103942e-02
-1.000000000000000000e+00
5.183456400492905125e-01
-9.473334986249941636e-01
-2.481464699247516448e-01
-2.286798447096577425e-02
3.382056058468450033e-01
5.893923511797506398e-01
6.077297064354898470e-01
-1.267632667018479264e-01
-2.358845474921579255e-01
-5.865291078716632078e-03
3.955447643749611109e-01
8.304398916011169751e-01
5.209819729351942152e-01
-3.432308902808506312e-01
9.809408237363725913e-01
8.854064510205491567e-01
8.188051890476363837e-02
-6.658815370916040255e-01
6.174688547150610635e-02
-9.696874520195737368e-01
1.000000000000000000e+00
-3.708657783011506393e-01
2.910115333400012383e-01
-8.499750149199361560e-02
-9.331748898869451914e-01
-5.748518436675683629e-01
3.516481208140685433e-01
6.770762080254210113e-01
1.169231743464017870e-01
3.842361273027497526e-01
6.289960791586638456e-01
-1.787303805365368647e-01
8.265300967580904157e-01
-4.947428040993921694e-02
-9.299768878527446825e-01
-3.304844527774223328e-01
-8.872252614632489820e-01
-2.277672682605871302e-01
-7.860308356001929342e-01
-3.807075632578536539e-01
-9.364265243306405528e-01
4.162266826480376380e-01
6.173014404307189951e-01
2.122743204053408050e-01
-9.725657881961682349e-01
-9.906322647643067691e-01
1.000000000000000000e+00
1.000000000000000000e+00
7.906180378346252535e-01
1.000000000000000000e+00
1.464088872372945049e-01
-4.884559690334849269e-01
-9.909730357813519852e-01
-1.000000000000000000e+00
9.378823690610014197e-01
4.198152277844453550e-01
6.795463451391945409e-01
3.027814390792239463e-01
3.550895496839165943e-01
-2.933375107764835121e-01
7.588494448364987432e-01
8.444861544766711914e-01
-1.000000000000000000e+00
1.000000000000000000e+00
3.894042671311578330e-01
1.000000000000000000e+00
7.903254288715674813e-02
9.136482184109286919e-01
4.438207014310661669e-01
-4.454379741657440439e-01
1.904512581514223868e-01
-5.724522879914911710e-01
-4.177444807403723481e-01
-6.780309348734643304e-01
-2.594401357974414624e-01
3.097213617335402569e-01
-1.812143416905129811e-01
-3.306271863886410534e-02
6.033195630387158115e-01
-1.823332393057955636e-01
4.603407235754674587e-01
-4.969696502875280419e-01
-9.202089957402577181e-01
-3.854548940151472647e-01
-7.201307362038471549e-01
6.214013283841862689e-01
7.154773932444477569e-02
-1.571088365204451054e-01
9.976341231908951723e-01
2.570094965316295221e-01
-2.696525276448881736e-01
-8.177766803337866985e-01
-1.077342441821083907e-01
7.313383860434773398e-01
8.511446941104624520e-01
1.433427407344647075e-01
-1.000000000000000000e+00
-2.099697098508238879e-01
1.000000000000000000e+00
6.876973547657229124e-01
-1.000000000000000000e+00
9.873872314963576535e-01
4.566794288688518638e-02
-1.000000000000000000e+00
-7.162344414345092058e-01
-9.484777941070835494e-01
1.000000000000000000e+00
-8.442843574863179157e-01
9.215918254215671457e-01
1.000000000000000000e+00
-9.004114675683050351e-01
9.204901326707526366e-02
-1.000000000000000000e+00
2.569459418516372717e-01
-3.204923513421260028e-01
-9.573036595772155266e-01
5.980851600919192546e-01
-1.506332978479970608e-01
8.997418327401297544e-01
-1.000000000000000000e+00
-1.619343349948583199e-01
-9.224447238873043076e-02
1.546400668601096984e-01
-6.941641460722486334e-01
8.442843574863179157e-01
-3.067991429508672985e-01
9.204354764325195504e-01
-1.891629332346888570e-01
-1.274097750643262694e-01
5.214643493123829465e-01
-2.621708882646208716e-01
-3.343797070761908019e-01
7.562278833837494663e-01
-6.062874229558661288e-01
-9.336655362174958173e-01
-2.135254755297661955e-01
-1.000000000000000000e+00
8.565326534292717620e-01
-1.000000000000000000e+00
-5.461626425218676362e-01
9.909475604558791728e-01
7.039707828941237366e-01
-1.422075854951798668e-01
6.886905824689861788e-01
-8.552315634785325749e-01
2.029618237439520800e-01
3.017373895956990126e-01
2.693167393629193884e-01
6.799678172556611333e-01
-5.690210441926402130e-01
7.447120668372951835e-01
-1.848393257207954152e-02
-8.386071678912750960e-01
4.120931211304104669e-01
5.057069781347517390e-01
1.160682855106875272e-01
6.577500886966023419e-01
-5.231264407458263710e-01
-5.372295560468195452e-01
2.650895424134572242e-01
-1.116409795819390816e-01
-2.159055180040155841e-01
-9.421835158766865836e-01
3.970613844482586141e-01
4.142899869844590688e-01
-2.796926957342512621e-01
8.949012632719386406e-01
-3.004691124313809136e-01
1.000000000000000000e+00
-1.000000000000000000e+00
9.518204444805089537e-01
7.267299062032184231e-01
-7.452984105500037870e-01
-9.796620447207671223e-01
7.613546376620667910e-01
8.977138988224893090e-01
-8.849455043897992423e-01
6.420969577622150926e-01
-9.362706744296158679e-01
2.632905881972751327e-01
3.849082359532642883e-01
7.129533153189371308e-01
3.024956414765079815e-01
8.284993044131132300e-02
2.730388871273082829e-01
4.153884465011530303e-01
-9.394187492853154353e-01
6.183847386456042816e-01
-1.803575451013109121e-01
8.446804811017959436e-01
-2.623303579200302327e-01
5.496625817220435195e-03
-2.361154860864483340e-01
5.080260061936355820e-01
3.215699411439280064e-01
-1.000000000000000000e+00
9.996905837903564684e-01
2.256943477550468202e-01
9.311611080474037072e-01
1.000000000000000000e+00
2.225981002097549566e-01
1.000000000000000000e+00
2.222563463907306913e-01
-7.248046883663106232e-01
-4.506119221910203643e-01
6.620808249520321320e-01
3.354223176822966890e-01
-6.564950606999460370e-02
-1.000000000000000000e+00
1.000000000000000000e+00
-1.000000000000000000e+00
9.693171853831328288e-01
1.000000000000000000e+00
-4.786355484067595922e-01
-4.293206300993960278e-01
-5.073847246999081406e-01
-3.270388175934936248e-01
-9.608104855809057598e-02
-2.328044626408303786e-01
5.694037486142918825e-01
-1.731013025485299006e-01
5.093142683851263897e-01
-7.346115582411920641e-01
-9.136109215449537135e-01
9.824564837808043016e-01
-2.019051356003004338e-01
6.583656421576089546e-01
-3.533747471697155224e-02
2.244781862985281151e-01
7.735178441223189427e-01
-9.380975116148820847e-02
1.000000000000000000e+00
6.472330262598647854e-01
-9.028101913860114847e-01
-8.384964338153402252e-01
-1.090557930806395903e-01
-4.151224669219124586e-01
1.983982076361073821e-01
-5.388681355546809382e-01
9.662205163049366607e-01
3.690503252834322900e-01
-4.551747077334298286e-01
8.146295614147516240e-01
-6.974150040174693643e-01
-5.859528919737569952e-01
4.136503594647349402e-01
-5.862510921239311168e-02
-5.300208173229763453e-01
4.659681383687402367e-01
-6.504025444213961116e-01
-5.269368099049944743e-01
-8.729470222404622781e-01
4.678460973744242302e-01
-9.327922025346092605e-01
-2.207821132872734293e-01
7.571477675295236187e-01
-4.132019290677473033e-02
-7.463126486590343500e-01
